x_0 = repmat(20,[100,1]);
N = 1000;
delta1 = 1e-10;
c = 0.1;
rho = 0.5;
alpha = 1;

